Able  19	2	7	11	9	13	4	12	11	3	17	12	6	9	2	19	5	16	9	5	0	16	8	0	7	10	9	4	0	14	11	9	18	16	13	9	17	4	7	7	0	0	6	3	7	7	7	14	5	8	13	0	
Backer  16	16	2	19	5	6	14	20	16	15	6	10	16	3	12	7	16	17	9	18	12	20	19	4	15	4	5	13	11	20	7	17	0	14	18	7	11	15	6	20	5	18	17	12	6	20	4	13	14	6	17	19	
Commons  1	7	7	11	10	5	7	9	2	20	9	15	13	5	2	7	2	7	15	4	18	16	9	1	8	7	17	2	9	20	7	14	10	17	0	12	13	12	0	16	11	18	7	17	16	2	12	14	0	15	18	7	
Drews  10	2	9	0	16	17	1	17	1	9	7	11	16	13	18	9	14	14	10	20	15	4	9	13	2	12	10	16	13	13	0	12	13	6	5	5	8	17	14	2	14	9	8	17	1	19	19	13	13	6	15	1	
Ebert  8	1	17	13	8	13	3	12	19	11	4	16	3	18	1	10	4	1	6	10	11	20	9	7	20	9	4	14	1	17	10	3	2	16	5	5	3	19	13	4	18	6	17	17	19	7	11	13	9	8	15	9	
Fouts  5	9	2	11	6	4	16	7	15	9	19	0	11	15	9	10	14	12	15	5	5	3	3	6	20	19	4	12	16	19	19	17	14	6	10	10	17	16	7	10	20	19	0	13	15	16	8	20	5	11	7	17	
Gilbert  16	3	17	8	14	9	5	0	20	3	19	1	11	3	17	14	13	12	15	2	18	8	20	8	2	9	6	12	12	16	16	15	3	6	12	20	9	20	13	15	14	18	10	2	16	8	18	6	8	13	0	11	
Hubert  6	14	17	12	3	14	8	6	17	10	15	10	16	14	5	20	8	12	6	19	12	10	6	3	11	0	19	19	18	4	7	19	9	11	9	9	14	17	1	9	20	7	3	8	10	2	5	0	9	9	0	16	
Innoway  12	11	6	2	4	15	17	16	2	1	15	4	5	7	16	10	10	16	14	8	18	11	10	19	10	13	16	8	14	18	17	13	11	14	5	12	0	5	12	4	7	18	6	16	16	2	0	1	14	8	18	2	
Jackson  19	8	6	3	12	20	0	2	16	5	6	19	1	8	11	3	3	0	14	12	8	15	14	1	17	8	15	1	0	6	17	20	9	18	17	20	18	1	13	7	17	6	18	15	10	15	8	16	4	15	3	20	
Kilbert  11	1	13	17	17	0	8	4	18	10	7	13	6	18	3	14	9	6	15	18	10	13	8	8	7	9	1	11	17	19	15	15	2	16	19	0	3	6	19	17	15	20	8	16	5	20	8	19	4	15	13	5	
Lord  3	11	18	7	16	4	12	9	8	16	0	9	17	12	13	16	10	8	13	1	20	16	16	2	8	8	3	15	10	9	8	17	14	20	12	8	12	4	12	16	6	1	7	8	2	13	8	12	8	4	12	1	
Munoz  15	19	1	18	2	4	9	18	5	6	2	19	18	16	7	4	2	20	5	11	5	16	10	16	15	8	1	20	6	16	17	10	3	4	20	3	10	18	8	8	1	3	0	18	18	8	4	13	14	7	16	20	
Nunce  19	10	19	11	15	16	16	3	17	19	4	8	17	8	13	20	7	16	17	15	0	17	2	10	5	8	0	2	1	19	20	15	14	5	2	10	12	9	20	0	19	7	6	3	11	15	10	1	1	9	10	9	
Oberland  20	14	17	12	12	15	17	8	9	10	2	19	18	14	1	4	10	10	16	8	15	12	11	18	4	12	1	10	15	9	0	18	3	11	6	0	8	18	19	5	10	19	18	12	0	8	9	15	1	6	17	14	
Paulson  11	7	14	17	19	4	8	1	16	4	15	11	18	9	4	10	19	6	8	0	11	1	20	10	11	7	10	9	7	13	19	8	16	8	12	7	13	6	9	2	12	7	2	2	11	20	20	9	13	8	5	8	
Queue  7	7	9	19	14	19	8	12	16	1	11	9	13	5	20	15	18	0	13	15	13	19	1	11	0	15	15	3	18	10	2	19	15	0	16	20	7	20	0	20	11	11	17	1	12	10	15	15	9	19	2	19	
Roberson  11	13	19	4	18	3	4	2	5	19	15	2	17	2	15	20	17	20	17	3	11	3	11	13	8	20	7	17	17	17	15	5	15	0	4	17	12	11	4	15	3	16	9	5	8	11	18	4	0	17	16	6	
Schubert  18	11	19	5	4	14	13	5	12	1	14	14	0	10	0	20	1	1	18	1	15	13	3	4	6	5	2	16	15	12	20	2	5	20	15	16	2	9	9	19	3	14	1	11	14	1	10	11	8	9	15	2	
Tolbert  13	8	6	16	7	0	13	20	6	14	2	0	7	2	17	4	14	5	5	16	11	7	20	1	14	14	12	14	18	16	10	2	12	19	20	19	10	19	16	10	7	20	7	16	5	16	12	20	0	10	4	5	
Umstead  18	6	15	15	4	15	1	17	6	6	13	3	14	2	18	10	1	14	11	5	5	12	11	1	13	6	2	16	14	16	1	2	13	6	4	3	3	11	15	4	9	16	10	5	12	2	18	4	5	18	4	9	
Vermon  20	14	13	10	16	11	2	17	10	12	0	11	6	6	15	5	12	13	19	4	16	20	13	4	20	0	20	14	6	9	1	11	2	12	1	0	16	15	11	14	17	15	20	4	12	0	19	10	8	13	5	9	
Weaver  15	7	3	1	11	6	20	20	0	11	12	16	10	20	19	0	12	9	20	4	17	11	16	4	7	16	18	7	7	20	16	16	10	3	16	19	17	6	13	4	15	13	17	0	11	13	18	8	10	7	17	17	
Xho  8	11	4	10	4	19	18	9	6	9	19	13	2	12	12	14	15	1	19	10	5	14	18	8	4	4	13	9	11	20	7	2	13	9	15	0	4	0	18	4	12	6	6	11	15	5	11	2	18	2	12	20	
Yhi  7	16	14	19	4	6	12	0	17	2	20	11	15	3	14	2	15	14	10	10	1	8	6	6	20	1	17	8	9	3	18	11	3	1	8	9	4	16	12	20	2	13	4	6	10	6	16	18	16	9	7	2	
